0.214934,-1.952568,0.602725,0.064173,0.066226,0.574799,-0.813082,-0.928876,-0.178544,-0.227641,1.345840,-0.199634,-0.163572,-0.158512,-0.338400,-0.095931,1.582366,-0.750234,0.194020,0.064709,-0.181290,0.337275,-0.816183,0.673012,0.085619,0.485454,0.926832,-0.003786,0.122878,-0.283251,-0.319868,0.406449,0.734069,-0.709216,0.258783,-0.258249
0.224156,-1.946820,0.614497,0.072045,0.073648,0.620188,-0.777658,-0.867365,-0.094475,-0.204103,1.308799,-0.200168,-0.162156,-0.180172,-0.361644,-0.069608,1.528925,-0.718618,0.172501,0.046832,-0.185011,0.326507,-0.904459,0.956490,-0.044320,0.550941,1.009128,-0.019350,0.065715,-0.369581,-0.401936,0.424011,0.629405,-0.795225,0.216988,-0.218000
0.234246,-1.940320,0.629049,0.077305,0.078950,0.664090,-0.739442,-0.798132,-0.008433,-0.166864,1.244306,-0.192054,-0.159227,-0.207433,-0.378779,-0.039909,1.461230,-0.670243,0.183634,0.039193,-0.184014,0.311919,-0.979783,1.196992,-0.181848,0.612640,1.159108,-0.023720,0.013043,-0.455558,-0.487148,0.462292,0.533379,-0.845874,0.163494,-0.181183
0.243738,-1.933305,0.644248,0.080736,0.083259,0.702319,-0.702352,-0.724634,0.071229,-0.117575,1.159281,-0.178318,-0.155610,-0.227951,-0.395160,-0.025458,1.386449,-0.621664,0.220261,0.039230,-0.177354,0.295387,-1.061558,1.351371,-0.272254,0.669953,1.272177,0.007934,-0.019935,-0.539702,-0.580716,0.507328,0.435955,-0.885830,0.129921,-0.153304
0.252065,-1.925197,0.658110,0.084768,0.085753,0.732008,-0.670540,-0.654234,0.139117,-0.065022,1.065448,-0.153389,-0.151780,-0.230351,-0.404048,-0.032123,1.333716,-0.568548,0.235484,0.041424,-0.166262,0.277999,-1.151972,1.418673,-0.303794,0.717703,1.313286,0.059853,-0.035803,-0.617802,-0.681204,0.545224,0.335884,-0.904061,0.088457,-0.143006
0.259276,-1.916244,0.670351,0.090277,0.087600,0.754520,-0.644109,-0.586581,0.193328,-0.015144,0.968989,-0.117178,-0.149505,-0.211791,-0.397618,-0.041700,1.325347,-0.528383,0.252214,0.043152,-0.152471,0.259824,-1.237373,1.412126,-0.291338,0.757252,1.307889,0.121258,-0.018126,-0.679920,-0.781235,0.559686,0.248661,-0.891764,0.060238,-0.141264
0.265683,-1.906214,0.681025,0.094980,0.089706,0.772671,-0.621217,-0.521197,0.233699,0.033398,0.869165,-0.074882,-0.149960,-0.182747,-0.366421,-0.035112,1.347128,-0.497242,0.254514,0.045192,-0.136926,0.239548,-1.290108,1.399658,-0.274495,0.768901,1.262674,0.127959,0.020753,-0.741781,-0.876714,0.563787,0.181736,-0.859809,0.042205,-0.148516
0.271386,-1.894976,0.689164,0.098646,0.092110,0.788757,-0.599706,-0.462835,0.264090,0.077856,0.776686,-0.032793,-0.152738,-0.146319,-0.322128,-0.007733,1.367873,-0.474468,0.254750,0.046883,-0.119097,0.217912,-1.300537,1.381372,-0.273234,0.751330,1.191648,0.092909,0.055036,-0.802111,-0.963580,0.566687,0.136311,-0.816472,0.035091,-0.152487
0.276477,-1.882291,0.694315,0.099654,0.093447,0.803756,-0.579062,-0.419534,0.289474,0.119619,0.698324,0.006342,-0.155205,-0.106233,-0.276648,0.023505,1.367351,-0.451620,0.254778,0.049342,-0.099038,0.195723,-1.267477,1.369242,-0.280565,0.702733,1.092488,0.041010,0.095711,-0.866183,-1.042738,0.566891,0.105509,-0.778140,0.034208,-0.140814
0.280864,-1.867859,0.696624,0.099961,0.094369,0.816855,-0.560223,-0.389563,0.312357,0.156002,0.635687,0.041267,-0.157633,-0.059002,-0.231841,0.063671,1.335447,-0.430516,0.254783,0.050974,-0.076889,0.174248,-1.186646,1.369558,-0.304549,0.610745,0.970453,0.008865,0.129326,-0.919751,-1.106765,0.557446,0.077028,-0.754537,0.039748,-0.117150
0.284450,-1.851250,0.696680,0.099284,0.094132,0.828726,-0.542675,-0.375954,0.336590,0.184274,0.591161,0.074735,-0.161674,-0.011649,-0.187118,0.122050,1.273300,-0.419845,0.254778,0.050616,-0.055452,0.156555,-1.072263,1.382463,-0.321097,0.497281,0.815990,-0.034462,0.152395,-0.968272,-1.157168,0.539381,0.061186,-0.732853,0.048676,-0.105255
0.287306,-1.832241,0.695279,0.096687,0.094892,0.838948,-0.527080,-0.373018,0.358026,0.207317,0.555177,0.111890,-0.170922,0.027515,-0.170557,0.198343,1.180764,-0.502620,0.254580,0.046552,-0.037442,0.144466,-0.918885,1.419718,-0.320192,0.359312,0.651461,-0.076319,0.146684,-1.006010,-1.193418,0.513621,0.048036,-0.719996,0.065372,-0.103992
0.290026,-1.811200,0.691680,0.092757,0.095914,0.849481,-0.510470,-0.368765,0.380795,0.231808,0.506183,0.150802,-0.188212,0.025745,-0.188733,0.213033,1.115373,-0.637505,0.250845,0.043475,-0.023575,0.140359,-0.735764,1.448031,-0.275675,0.220536,0.537609,-0.138753,0.112511,-1.040936,-1.205701,0.486775,0.041841,-0.724327,0.090142,-0.104167
0.291933,-1.787778,0.689746,0.088875,0.095364,0.861874,-0.490082,-0.354806,0.409815,0.260585,0.430433,0.157611,-0.226761,-0.018792,-0.199302,0.184250,1.099734,-0.723230,0.190747,0.041726,-0.011177,0.143640,-0.536843,1.433921,-0.179024,0.075173,0.492086,-0.206364,0.035261,-1.032817,-1.195895,0.428518,0.034407,-0.720293,0.108986,-0.109080
0.293729,-1.763458,0.687272,0.085215,0.092597,0.873174,-0.470884,-0.333008,0.436720,0.294738,0.346946,0.105498,-0.233777,-0.084275,-0.171483,0.189932,1.117485,-0.756275,0.153009,0.035713,0.000908,0.152528,-0.322172,1.360680,-0.040174,-0.089375,0.512153,-0.281311,-0.073663,-0.969166,-1.159322,0.320889,0.021834,-0.694381,0.116039,-0.122866
0.295649,-1.738577,0.688277,0.082365,0.085796,0.879626,-0.460558,-0.314025,0.460884,0.339402,0.264966,0.010984,-0.222261,-0.150494,-0.128038,0.200153,1.144874,-0.753294,0.136337,0.026210,0.012271,0.161883,-0.127880,1.225304,0.079413,-0.273643,0.558824,-0.365930,-0.208602,-0.837537,-1.107442,0.162608,0.005148,-0.661255,0.110807,-0.144693
0.297988,-1.713245,0.689615,0.079962,0.079125,0.880246,-0.460990,-0.312180,0.480637,0.398452,0.236196,-0.048216,-0.230470,-0.210895,-0.106781,0.173479,1.165110,-0.724856,0.117433,0.016793,0.023311,0.171826,-0.008905,1.043792,0.093591,-0.419445,0.540667,-0.424641,-0.331324,-0.644385,-1.036302,-0.028447,-0.009182,-0.607813,0.089496,-0.173787
0.300561,-1.686722,0.693437,0.077665,0.077986,0.877603,-0.466582,-0.338475,0.493063,0.426069,0.335818,-0.056127,-0.227735,-0.256357,-0.095590,0.145289,1.161770,-0.683633,0.093808,0.010526,0.028911,0.184486,0.017529,0.860678,0.019416,-0.488298,0.517126,-0.455221,-0.366930,-0.412658,-0.945321,-0.218920,-0.010729,-0.549055,0.066437,-0.188575
0.303350,-1.659868,0.699104,0.076178,0.081280,0.874049,-0.472894,-0.366748,0.481561,0.400084,0.514278,-0.088455,-0.196503,-0.287439,-0.090046,0.123580,1.140710,-0.640127,0.069873,0.008962,0.028499,0.197305,-0.016468,0.705449,-0.074069,-0.483703,0.554672,-0.475747,-0.297503,-0.181431,-0.829187,-0.375068,0.008425,-0.474893,0.055158,-0.190314
0.306320,-1.633048,0.706028,0.074982,0.084847,0.870860,-0.478310,-0.375376,0.463219,0.387073,0.714458,-0.133055,-0.188097,-0.310723,-0.084516,0.106100,1.105015,-0.588152,0.048082,0.005709,0.025512,0.206399,-0.073487,0.589904,-0.145941,-0.439350,0.660136,-0.482664,-0.192973,0.019995,-0.700230,-0.475939,0.048183,-0.412468,0.049882,-0.229160
0.309047,-1.606215,0.713706,0.073634,0.089025,0.868598,-0.481862,-0.358884,0.438609,0.384814,0.911225,-0.174460,-0.191061,-0.326401,-0.079271,0.091697,1.055415,-0.530672,0.029422,-0.000649,0.020621,0.210675,-0.118129,0.493590,-0.194078,-0.385173,0.798576,-0.482024,-0.086341,0.159068,-0.584526,-0.493958,0.143767,-0.383195,0.078465,-0.293655
0.311534,-1.579450,0.721007,0.071969,0.092393,0.866770,-0.484762,-0.317045,0.404737,0.389806,1.084559,-0.203893,-0.199905,-0.337989,-0.073780,0.077642,0.998063,-0.471313,0.015705,-0.010878,0.014448,0.209326,-0.142740,0.416296,-0.235426,-0.331836,0.882543,-0.480161,-0.014189,0.257442,-0.480263,-0.452303,0.303741,-0.373428,0.135834,-0.339999
0.313844,-1.552547,0.726992,0.070212,0.094441,0.864378,-0.488878,-0.256665,0.359656,0.390816,1.223854,-0.203570,-0.220757,-0.348663,-0.068746,0.060521,0.938476,-0.410700,0.004530,-0.023458,0.007938,0.202650,-0.166671,0.368626,-0.266821,-0.294586,0.918940,-0.481550,0.037123,0.323248,-0.396211,-0.370872,0.500522,-0.386049,0.205297,-0.315368
0.315885,-1.525251,0.731088,0.068320,0.095453,0.860927,-0.495001,-0.175817,0.310327,0.390928,1.313393,-0.173884,-0.244517,-0.360819,-0.064608,0.038949,0.881315,-0.350852,-0.005789,-0.037833,0.001940,0.191551,-0.195919,0.352648,-0.286463,-0.273486,0.934610,-0.480876,0.082670,0.379946,-0.343257,-0.223509,0.702632,-0.492702,0.292476,-0.185779
0.318118,-1.497602,0.732821,0.067079,0.094576,0.855773,-0.504191,-0.081086,0.253378,0.379251,1.348165,-0.165230,-0.252803,-0.376453,-0.062521,0.011132,0.831556,-0.294880,-0.013860,-0.051087,-0.003749,0.177782,-0.234486,0.361654,-0.303014,-0.261833,0.944115,-0.478684,0.118151,0.431717,-0.288341,-0.025307,0.867121,-0.667422,0.346318,0.000277
0.320707,-1.469245,0.732406,0.067009,0.093128,0.850184,-0.513833,0.022636,0.185832,0.343265,1.325841,-0.185792,-0.253015,-0.394448,-0.060777,-0.018517,0.788020,-0.241981,-0.020051,-0.062944,-0.010182,0.163823,-0.268457,0.382098,-0.308026,-0.259001,0.955232,-0.476486,0.137992,0.485303,-0.204692,0.152305,0.966825,-0.825033,0.315385,0.174227
0.323926,-1.439961,0.730493,0.067056,0.091246,0.845218,-0.522288,0.130438,0.124391,0.298671,1.250069,-0.202948,-0.251831,-0.414286,-0.059695,-0.047658,0.745416,-0.193526,-0.014091,-0.075922,-0.017527,0.150800,-0.297205,0.405750,-0.303783,-0.257656,0.948223,-0.461748,0.154188,0.543082,-0.112211,0.263521,1.008801,-0.922552,0.228991,0.280847
0.328239,-1.409283,0.728214,0.067381,0.088898,0.839791,-0.531326,0.235637,0.082806,0.256173,1.123522,-0.220244,-0.237782,-0.431100,-0.063371,-0.081370,0.693753,-0.144812,0.008695,-0.089499,-0.025545,0.139727,-0.310355,0.427071,-0.292429,-0.254460,0.938037,-0.433265,0.169925,0.602724,-0.015619,0.278656,1.016487,-0.930388,0.151512,0.354376
0.333820,-1.375916,0.727730,0.067996,0.085289,0.831650,-0.544482,0.321729,0.056564,0.210869,0.952179,-0.225687,-0.192358,-0.444406,-0.073480,-0.125064,0.623580,-0.101891,0.036520,-0.102881,-0.033530,0.131956,-0.312250,0.441236,-0.283759,-0.243277,0.930854,-0.394956,0.178090,0.656963,0.075930,0.225896,1.006129,-0.873999,0.098229,0.406979
0.340790,-1.340055,0.725403,0.066197,0.078859,0.819358,-0.563961,0.366784,0.041293,0.156840,0.768587,-0.288440,-0.146942,-0.459266,-0.089423,-0.176391,0.539895,-0.081761,0.058042,-0.114491,-0.041732,0.129663,-0.315888,0.440162,-0.281559,-0.219226,0.936744,-0.346568,0.183366,0.681985,0.141629,0.168415,0.981799,-0.825582,0.061125,0.446359
0.348506,-1.303209,0.725860,0.059439,0.077235,0.803835,-0.586815,0.362137,0.046127,0.146598,0.665510,-0.428176,-0.088707,-0.474184,-0.113089,-0.211232,0.452317,-0.104275,0.075711,-0.122955,-0.054436,0.133345,-0.316172,0.418004,-0.285341,-0.175194,0.943687,-0.291641,0.177829,0.668043,0.155669,0.134368,0.936628,-0.830767,0.036193,0.424406
0.356631,-1.265805,0.723653,0.049360,0.083140,0.787739,-0.608373,0.301533,0.046467,0.146441,0.666610,-0.533564,-0.083676,-0.486379,-0.156444,-0.237179,0.384303,-0.153969,0.147289,-0.122038,-0.073054,0.144817,-0.311820,0.380757,-0.292576,-0.108872,0.940702,-0.236287,0.169463,0.631006,0.115391,0.134705,0.877519,-0.904820,0.032892,0.328135
0.365074,-1.228330,0.721427,0.041268,0.090126,0.773112,-0.626477,0.202726,0.033838,0.113313,0.737755,-0.591651,-0.087750,-0.510210,-0.227005,-0.303421,0.410422,-0.174498,0.184064,-0.107435,-0.093440,0.164901,-0.313824,0.350648,-0.306762,-0.014829,0.920599,-0.174860,0.155308,0.577063,0.046255,0.155669,0.825371,-1.004757,0.053234,0.222267
0.373706,-1.191635,0.721324,0.038741,0.097728,0.761876,-0.639134,0.102687,0.017502,0.086365,0.822776,-0.587293,-0.086073,-0.534058,-0.305968,-0.350123,0.584582,-0.164425,0.155154,-0.088177,-0.108531,0.190031,-0.298804,0.337934,-0.318721,0.106705,0.908324,-0.113343,0.117957,0.515388,-0.038912,0.173395,0.796945,-1.100719,0.100522,0.134138
0.382029,-1.156206,0.723306,0.039809,0.107408,0.755706,-0.644816,0.029473,0.003300,0.088484,0.874483,-0.554592,-0.073263,-0.548934,-0.346792,-0.298790,0.824902,-0.170121,0.135285,-0.075852,-0.115732,0.212365,-0.248719,0.355262,-0.332586,0.218526,0.983447,-0.039910,0.013145,0.441431,-0.129890,0.173465,0.794030,-1.152585,0.149860,0.098219
0.389705,-1.121632,0.727484,0.040292,0.114247,0.751909,-0.648041,-0.020227,-0.013552,0.089734,0.871029,-0.520171,-0.060963,-0.529043,-0.349461,-0.223391,1.025020,-0.180490,0.147595,-0.064555,-0.118896,0.225003,-0.149168,0.377681,-0.344413,0.255923,1.129254,-0.039985,-0.109390,0.360039,-0.234738,0.184301,0.781511,-1.181453,0.161641,0.128272
0.396471,-1.087651,0.733924,0.037525,0.117501,0.750082,-0.649741,-0.056592,-0.032336,0.086075,0.824186,-0.468834,-0.055290,-0.468758,-0.348895,-0.180225,1.146955,-0.216972,0.157430,-0.048347,-0.119187,0.227299,0.003685,0.336791,-0.291713,0.233223,1.138840,-0.065952,-0.164938,0.289992,-0.357353,0.231117,0.720009,-1.229475,0.119747,0.146957
0.402311,-1.053640,0.741979,0.031995,0.118147,0.747461,-0.652932,-0.092650,-0.049523,0.081920,0.758672,-0.387749,-0.053139,-0.379269,-0.344789,-0.157156,1.193722,-0.250469,0.170377,-0.028102,-0.117049,0.222383,0.175258,0.271280,-0.215813,0.182052,1.055749,-0.065602,-0.135936,0.252355,-0.455319,0.246987,0.617261,-1.226352,0.084819,0.130592
0.407195,-1.018975,0.750555,0.023852,0.114610,0.742661,-0.659356,-0.136361,-0.065196,0.069631,0.684254,-0.283045,-0.055238,-0.279824,-0.330403,-0.145352,1.175663,-0.255066,0.168919,-0.006329,-0.112203,0.212844,0.338518,0.221274,-0.164359,0.125943,0.959904,-0.067756,-0.064300,0.239714,-0.516456,0.229630,0.503118,-1.154825,0.062112,0.103489
0.411168,-0.983180,0.758010,0.013975,0.106253,0.736906,-0.667446,-0.190112,-0.076611,0.049443,0.609806,-0.175647,-0.070017,-0.193306,-0.289004,-0.121335,1.111694,-0.255101,0.155524,0.013143,-0.105311,0.200705,0.483198,0.192908,-0.128148,0.078218,0.874844,-0.073170,-0.009112,0.234793,-0.557974,0.198092,0.393650,-1.052218,0.039435,0.079374
0.414278,-0.946319,0.763455,0.001446,0.095737,0.731160,-0.675453,-0.252085,-0.083461,0.034260,0.542000,-0.091434,-0.116854,-0.132662,-0.239224,-0.082478,1.028497,-0.238224,0.136499,0.028109,-0.096697,0.188027,0.591037,0.162136,-0.097000,0.042184,0.821737,-0.072611,0.009588,0.218785,-0.601240,0.178393,0.287915,-0.959338,0.024086,0.057493
0.416609,-0.908664,0.769166,-0.010375,0.086319,0.725359,-0.682858,-0.318217,-0.073412,0.045165,0.505417,-0.087245,-0.232461,-0.095793,-0.189990,-0.035899,0.920764,-0.293197,0.096913,0.039071,-0.087917,0.179025,0.666927,0.126501,-0.067211,0.006846,0.778016,-0.073172,0.014413,0.197134,-0.633393,0.165705,0.194655,-0.894492,0.017888,-0.019369
0.418202,-0.872512,0.766972,-0.014691,0.077515,0.719934,-0.689544,-0.367621,-0.047493,0.102630,0.536856,-0.133653,-0.253694,-0.083682,-0.173139,-0.049987,0.801168,-0.432393,0.055431,0.047716,-0.077778,0.176057,0.693266,0.098795,-0.039735,-0.013714,0.729664,-0.069904,0.027173,0.174640,-0.630014,0.134016,0.116900,-0.816108,0.018318,-0.110695
0.418933,-0.836300,0.760428,-0.015574,0.075564,0.719038,-0.690675,-0.402124,0.014223,0.157141,0.668286,-0.191629,-0.251989,-0.115646,-0.171478,-0.079481,0.763974,-0.517765,0.004944,0.057430,-0.068082,0.181579,0.672157,0.083985,-0.025274,-0.007748,0.715673,-0.044652,0.070270,0.151712,-0.596132,0.095527,0.060899,-0.755395,0.021962,-0.221858
0.419189,-0.801184,0.756962,-0.011400,0.076280,0.720401,-0.689256,-0.409832,0.065974,0.183407,0.847850,-0.242290,-0.205770,-0.182992,-0.155073,-0.063933,0.801295,-0.510980,-0.015750,0.063877,-0.060050,0.190246,0.614579,0.084249,-0.032460,0.017110,0.766850,-0.008021,0.123324,0.138275,-0.536681,0.065334,0.040002,-0.743827,0.060792,-0.357000
0.419721,-0.767636,0.754489,-0.005961,0.078475,0.720719,-0.688745,-0.386414,0.082620,0.169646,1.012080,-0.286596,-0.191388,-0.248982,-0.146343,-0.054655,0.847435,-0.475149,-0.018665,0.068487,-0.056110,0.195202,0.548941,0.084823,-0.058965,0.038567,0.842165,0.005523,0.171001,0.155947,-0.458883,0.054750,0.057305,-0.740761,0.112464,-0.462741
0.420473,-0.735890,0.755841,-0.000845,0.079016,0.717533,-0.692028,-0.328741,0.081073,0.142664,1.114380,-0.287812,-0.197464,-0.277210,-0.141493,-0.063390,0.825257,-0.436382,-0.023557,0.068657,-0.057313,0.193524,0.490743,0.076182,-0.089858,0.033683,0.881447,-0.014733,0.221227,0.208659,-0.367389,0.061442,0.093984,-0.695104,0.151671,-0.505606
0.421717,-0.704976,0.760989,0.004864,0.078031,0.714619,-0.695131,-0.237580,0.079592,0.122593,1.139470,-0.240145,-0.207207,-0.281850,-0.131447,-0.073758,0.753467,-0.363541,-0.030482,0.062705,-0.061679,0.186976,0.422998,0.065765,-0.117889,0.020042,0.867298,-0.059446,0.261828,0.277247,-0.295222,0.092081,0.135078,-0.609712,0.173166,-0.466147
0.424270,-0.673869,0.767572,0.007513,0.078567,0.714702,-0.694961,-0.125341,0.063612,0.109826,1.089393,-0.182899,-0.217855,-0.284854,-0.127694,-0.075083,0.665901,-0.261661,-0.029630,0.053084,-0.067079,0.177232,0.366739,0.063236,-0.150771,-0.000489,0.851106,-0.110288,0.278455,0.347818,-0.269654,0.148941,0.195031,-0.595019,0.200173,-0.430994
0.427917,-0.641752,0.772862,0.009330,0.077142,0.715608,-0.694167,-0.009546,0.037722,0.090414,0.985063,-0.156686,-0.238843,-0.293210,-0.124839,-0.073610,0.576065,-0.144816,-0.011933,0.042125,-0.072817,0.166115,0.308329,0.070787,-0.183424,-0.022549,0.854202,-0.147734,0.278537,0.407009,-0.274167,0.228143,0.271358,-0.678447,0.229788,-0.432927
0.432023,-0.607769,0.775008,0.009421,0.074152,0.718071,-0.691944,0.090600,0.002966,0.060443,0.860101,-0.127469,-0.246476,-0.319017,-0.121205,-0.064232,0.501617,-0.020704,0.026907,0.029926,-0.077923,0.155624,0.246033,0.086991,-0.214596,-0.045015,0.861251,-0.171816,0.265994,0.451538,-0.279751,0.299139,0.358312,-0.793390,0.251082,-0.444971
0.435319,-0.571506,0.773377,0.006481,0.068514,0.720465,-0.690068,0.152941,-0.030498,0.024336,0.742354,-0.032978,-0.218375,-0.366923,-0.115054,-0.039436,0.452463,0.075106,0.096328,0.015383,-0.083082,0.148815,0.175498,0.110036,-0.244848,-0.062409,0.844473,-0.191205,0.248992,0.485271,-0.273195,0.324611,0.442178,-0.869672,0.258923,-0.423840
0.437476,-0.533888,0.766138,0.004303,0.061680,0.718437,-0.692839,0.181137,-0.042626,0.003540,0.631103,-0.105226,-0.116387,-0.432935,-0.099105,0.020186,0.458439,0.090300,0.207476,-0.005646,-0.087574,0.148412,0.100181,0.143732,-0.280039,-0.072904,0.804123,-0.202408,0.226260,0.523674,-0.251531,0.285781,0.506752,-0.863977,0.243883,-0.364845
0.438347,-0.495683,0.758340,-0.000167,0.059341,0.709949,-0.701748,0.152568,-0.035863,0.019223,0.610677,-0.299266,-0.054086,-0.505668,-0.079232,0.061642,0.546912,-0.001375,0.252607,-0.029018,-0.094739,0.155211,0.010726,0.182069,-0.328501,-0.067492,0.743147,-0.212470,0.209369,0.568301,-0.224066,0.192239,0.547750,-0.791864,0.210743,-0.297296
0.439060,-0.457434,0.748896,-0.001794,0.059998,0.691049,-0.720311,0.079294,-0.030381,0.017098,0.661539,-0.452745,-0.039241,-0.560859,-0.127774,0.032343,0.711115,-0.117315,0.254014,-0.050645,-0.103186,0.170167,-0.096620,0.226877,-0.394295,-0.033625,0.688152,-0.226699,0.184451,0.609219,-0.184941,0.081318,0.592295,-0.699168,0.191577,-0.254918
0.440414,-0.419686,0.741683,-0.001379,0.060942,0.668088,-0.741581,-0.015663,-0.043652,-0.021125,0.740446,-0.530899,-0.034331,-0.582990,-0.236410,-0.037983,0.895962,-0.193492,0.239140,-0.069779,-0.109552,0.186908,-0.204885,0.269622,-0.452700,0.041578,0.668420,-0.225158,0.149746,0.622287,-0.151607,0.009687,0.676568,-0.654200,0.209273,-0.227005
0.442479,-0.383343,0.738034,-0.002531,0.063351,0.653701,-0.754092,-0.099449,-0.069694,-0.047391,0.798438,-0.536856,-0.029544,-0.566953,-0.309498,-0.094212,1.050541,-0.262280,0.143188,-0.084879,-0.114625,0.196848,-0.266574,0.302225,-0.473542,0.143326,0.721628,-0.184043,0.124045,0.599751,-0.148031,0.003976,0.802667,-0.689790,0.277594,-0.159598
0.444981,-0.348766,0.737716,-0.003237,0.067163,0.649301,-0.757553,-0.158656,-0.091356,-0.049490,0.817478,-0.496389,-0.023879,-0.514183,-0.323417,-0.103989,1.154207,-0.312381,0.110543,-0.094703,-0.118060,0.200785,-0.261617,0.315461,-0.457801,0.251954,0.828564,-0.103493,0.118178,0.547106,-0.162902,0.062205,0.930321,-0.781385,0.370839,-0.011731
0.447934,-0.315600,0.739006,-0.004724,0.070815,0.651152,-0.755621,-0.192973,-0.110008,-0.042298,0.786886,-0.436247,-0.017148,-0.430782,-0.307920,-0.097729,1.194640,-0.346134,0.119766,-0.094348,-0.119753,0.199329,-0.206060,0.298434,-0.408122,0.359938,0.925467,0.004399,0.141969,0.489871,-0.187988,0.159436,1.009295,-0.891276,0.384189,0.181408
0.450770,-0.283544,0.744645,-0.005724,0.071984,0.657281,-0.750178,-0.210518,-0.119393,-0.031004,0.723968,-0.371354,-0.011490,-0.323747,-0.285946,-0.103536,1.173151,-0.369095,0.129529,-0.085356,-0.118470,0.192909,-0.120068,0.250781,-0.312462,0.469010,0.937875,0.113771,0.197712,0.442599,-0.218010,0.243107,1.015666,-0.975800,0.292215,0.347748
0.453021,-0.251487,0.750987,-0.006486,0.070602,0.667730,-0.741020,-0.224771,-0.116800,-0.013268,0.650709,-0.302381,-0.008899,-0.212612,-0.256917,-0.108656,1.108953,-0.366697,0.146044,-0.071239,-0.113760,0.183547,-0.033649,0.192362,-0.176675,0.570820,0.869613,0.204197,0.265634,0.403089,-0.257796,0.255605,0.960330,-1.000602,0.178163,0.426589
0.454529,-0.218927,0.756432,-0.006731,0.065676,0.680932,-0.729365,-0.245137,-0.101615,0.008458,0.582698,-0.236504,-0.010109,-0.107830,-0.214914,-0.099534,1.016574,-0.329731,0.183714,-0.053928,-0.105262,0.172671,0.044293,0.148150,-0.032430,0.667744,0.765263,0.265459,0.316637,0.369508,-0.288716,0.212166,0.873534,-0.973410,0.106179,0.433992
0.455324,-0.185505,0.760237,-0.007507,0.058809,0.696405,-0.715196,-0.273676,-0.077464,0.034941,0.525519,-0.180341,-0.012883,-0.015251,-0.167035,-0.068093,0.911473,-0.280780,0.214907,-0.035360,-0.093218,0.161715,0.111865,0.125913,0.083602,0.768610,0.665165,0.302902,0.312205,0.336138,-0.316945,0.171480,0.763260,-0.947111,0.074318,0.365685
0.455548,-0.151075,0.762597,-0.008930,0.050408,0.713460,-0.698823,-0.311089,-0.045258,0.064815,0.480584,-0.131603,-0.014774,0.057537,-0.128684,-0.029281,0.803894,-0.250424,0.167506,-0.016577,-0.079706,0.153101,0.178908,0.144108,0.142999,0.865129,0.618999,0.325092,0.261881,0.278279,-0.347555,0.169736,0.660843,-0.943790,0.058945,0.236345
0.455296,-0.115776,0.763467,-0.012533,0.041489,0.731839,-0.680098,-0.358677,-0.007065,0.098484,0.448682,-0.085038,-0.018394,0.102915,-0.114436,-0.015138,0.678925,-0.301020,0.121006,0.002292,-0.066079,0.148423,0.247780,0.180758,0.120163,0.941001,0.667386,0.337909,0.238718,0.200175,-0.381115,0.188100,0.570050,-0.961708,0.057302,0.094094
0.454731,-0.081125,0.761448,-0.013630,0.028440,0.746641,-0.664479,-0.409700,0.041230,0.122646,0.418956,-0.034320,-0.031288,0.100524,-0.091566,-0.019374,0.556712,-0.402599,0.063436,0.019726,-0.051682,0.149892,0.316844,0.218042,0.093389,0.989666,0.732718,0.339241,0.255137,0.123658,-0.389576,0.198161,0.489234,-0.975866,0.066149,-0.027462
0.454087,-0.046544,0.757541,-0.010873,0.015699,0.759885,-0.649777,-0.462999,0.093094,0.127811,0.409564,-0.004383,-0.075015,0.050804,-0.055864,-0.012577,0.524067,-0.470169,0.023484,0.035595,-0.034870,0.158685,0.379131,0.223931,0.135375,1.006830,0.736704,0.352433,0.298685,0.054520,-0.377586,0.185746,0.429271,-0.958788,0.080222,-0.105870
0.453780,-0.012884,0.758941,-0.006395,0.006935,0.770591,-0.637261,-0.501517,0.128646,0.106134,0.411326,-0.027704,-0.178753,-0.014412,-0.017723,0.015972,0.537708,-0.499672,0.004501,0.050266,-0.016257,0.169233,0.427344,0.193483,0.232216,1.002037,0.682430,0.364307,0.341079,0.008974,-0.359871,0.151788,0.383901,-0.906600,0.092807,-0.157557
0.453722,0.019291,0.761018,-0.001354,0.002652,0.777953,-0.628316,-0.515071,0.153544,0.110685,0.481345,-0.063871,-0.199241,-0.078619,0.013970,0.035129,0.566413,-0.481906,-0.004967,0.062350,0.001263,0.178752,0.455214,0.141563,0.336536,0.985433,0.613013,0.363051,0.387195,-0.012168,-0.344126,0.108777,0.351820,-0.821717,0.101618,-0.191202
0.453569,0.050266,0.764405,0.003151,0.002743,0.781496,-0.623897,-0.514234,0.172990,0.140944,0.624321,-0.093108,-0.167403,-0.125372,0.034751,0.040200,0.574580,-0.437067,-0.014270,0.071067,0.012907,0.186179,0.464852,0.089799,0.393701,0.973071,0.576863,0.357613,0.419684,-0.007985,-0.342326,0.074227,0.329439,-0.735989,0.101214,-0.209862
0.453451,0.079749,0.768863,0.004892,0.006042,0.781848,-0.623421,-0.498096,0.171946,0.163373,0.794328,-0.121387,-0.156760,-0.150415,0.041652,0.036827,0.547132,-0.389127,-0.024494,0.077039,0.017475,0.189462,0.458670,0.049604,0.394112,0.961517,0.582990,0.338342,0.447903,0.015793,-0.351747,0.047699,0.317676,-0.667127,0.113814,-0.214917
0.453407,0.107798,0.773387,0.004651,0.010235,0.780501,-0.625053,-0.467626,0.148716,0.164225,0.955362,-0.133555,-0.169218,-0.160153,0.039808,0.028510,0.493358,-0.344802,-0.030889,0.080068,0.016342,0.188069,0.441648,0.021903,0.366005,0.946768,0.602650,0.297126,0.463298,0.052616,-0.370937,0.038851,0.308732,-0.628417,0.127829,-0.212142
0.453164,0.134794,0.777236,0.003797,0.014728,0.777689,-0.628466,-0.417049,0.116716,0.158131,1.081152,-0.128182,-0.199931,-0.161548,0.033881,0.016162,0.427593,-0.299279,-0.031585,0.078613,0.012590,0.182302,0.418612,0.009750,0.320693,0.927850,0.634238,0.248966,0.474389,0.099067,-0.389961,0.043052,0.304265,-0.613445,0.136998,-0.200334
0.452696,0.161127,0.779666,0.003494,0.017033,0.773156,-0.633977,-0.348799,0.087052,0.147743,1.161380,-0.109100,-0.218233,-0.166668,0.029350,-0.002365,0.369010,-0.250025,-0.027776,0.073120,0.007804,0.173502,0.387181,0.011580,0.270973,0.900483,0.668834,0.206517,0.483708,0.151091,-0.400905,0.049786,0.307381,-0.615674,0.150332,-0.184728
0.451705,0.187223,0.780502,0.003831,0.017972,0.766439,-0.642054,-0.265073,0.068924,0.138054,1.192517,-0.092483,-0.217334,-0.174117,0.025912,-0.027928,0.315834,-0.200744,-0.020961,0.065099,0.003176,0.162560,0.345047,0.024108,0.218199,0.866528,0.702815,0.164671,0.494957,0.207316,-0.396751,0.051836,0.321927,-0.620252,0.159495,-0.172744
0.450406,0.213416,0.779393,0.005443,0.016450,0.758630,-0.651291,-0.168881,0.058708,0.121386,1.171041,-0.087909,-0.223545,-0.188388,0.026172,-0.058542,0.274406,-0.156748,-0.009144,0.055243,-0.000645,0.150809,0.294393,0.041320,0.167895,0.829467,0.727095,0.122249,0.495639,0.257549,-0.380197,0.052065,0.358448,-0.625035,0.171079,-0.161576
0.449001,0.240108,0.776457,0.007861,0.013243,0.750314,-0.660903,-0.066766,0.048943,0.093010,1.097330,-0.101623,-0.224912,-0.211366,0.028527,-0.091227,0.246700,-0.119051,0.004830,0.043683,-0.004065,0.139616,0.248348,0.069654,0.125570,0.784694,0.741127,0.051219,0.509083,0.305123,-0.350191,0.042447,0.415391,-0.622940,0.194516,-0.155073
0.447825,0.267622,0.772029,0.010191,0.008319,0.741392,-0.670944,0.033808,0.040699,0.054902,0.980208,-0.115171,-0.232794,-0.247556,0.030058,-0.125596,0.237041,-0.085389,0.015418,0.030538,-0.007370,0.130158,0.196084,0.098150,0.083011,0.725977,0.751370,-0.045221,0.565229,0.340005,-0.311125,0.034613,0.488032,-0.629025,0.233304,-0.143655
0.447114,0.296094,0.766792,0.011868,0.003261,0.731251,-0.681997,0.127314,0.036042,0.011752,0.830147,-0.103588,-0.233503,-0.292518,0.025359,-0.162073,0.239105,-0.054505,0.026406,0.016226,-0.010828,0.124285,0.145504,0.130799,0.033185,0.652886,0.763108,-0.150804,0.653938,0.369906,-0.273488,0.027993,0.565638,-0.646160,0.276170,-0.108543
0.446981,0.325307,0.761882,0.013067,-0.001678,0.718473,-0.695430,0.210864,0.033783,-0.040591,0.650629,-0.139771,-0.175271,-0.337568,0.011702,-0.203894,0.240809,-0.028367,0.045048,0.000321,-0.014550,0.122993,0.087732,0.170794,-0.028251,0.577039,0.788630,-0.218645,0.730566,0.401056,-0.242308,0.030534,0.633572,-0.686782,0.311215,-0.053912
0.447358,0.355325,0.760234,0.013210,-0.004139,0.701567,-0.712469,0.269722,0.044847,-0.062677,0.478307,-0.234420,-0.083011,-0.378053,-0.016909,-0.251739,0.231846,-0.012390,0.076142,-0.019300,-0.019745,0.126702,0.017873,0.204032,-0.095043,0.500749,0.805251,-0.261219,0.775109,0.436554,-0.216931,0.034613,0.679104,-0.735878,0.326566,0.009376
0.448634,0.384706,0.757309,0.010581,-0.000586,0.682767,-0.730559,0.292008,0.048592,-0.059955,0.364230,-0.330801,-0.037686,-0.408050,-0.062188,-0.293383,0.223174,-0.011404,0.104975,-0.039815,-0.029721,0.136688,-0.057998,0.223929,-0.161664,0.435081,0.803628,-0.292804,0.784108,0.474869,-0.203120,0.038516,0.701933,-0.786968,0.316462,0.071158
0.450435,0.413843,0.754598,0.004976,0.008473,0.666849,-0.745128,0.291359,0.034557,-0.046475,0.292841,-0.385577,-0.026887,-0.436030,-0.110966,-0.308219,0.218163,-0.052351,0.101396,-0.058651,-0.046364,0.151185,-0.130180,0.243778,-0.218021,0.383645,0.814614,-0.314520,0.765876,0.510209,-0.196095,0.035710,0.709377,-0.831565,0.280940,0.112437
0.452548,0.442175,0.754076,-0.001342,0.020116,0.656167,-0.754347,0.282535,0.005739,-0.061588,0.246631,-0.416693,-0.027194,-0.455783,-0.150339,-0.301450,0.207212,-0.131592,0.119064,-0.070830,-0.066873,0.166172,-0.188566,0.266630,-0.254746,0.346060,0.854354,-0.315013,0.738547,0.538927,-0.187194,0.022504,0.718546,-0.862480,0.244074,0.139018
0.454660,0.469278,0.752515,-0.006390,0.033335,0.648019,-0.760868,0.264853,-0.028252,-0.084806,0.232066,-0.439110,-0.023849,-0.456930,-0.179040,-0.279643,0.196469,-0.195292,0.174129,-0.077339,-0.086058,0.180370,-0.226283,0.280036,-0.278222,0.331587,0.884914,-0.301971,0.690720,0.559109,-0.176565,0.004242,0.733117,-0.883415,0.223151,0.168490
0.456745,0.495603,0.755090,-0.006811,0.042947,0.644893,-0.763035,0.246257,-0.052759,-0.090654,0.221720,-0.427974,-0.017185,-0.453121,-0.200088,-0.274935,0.235833,-0.171838,0.210383,-0.078282,-0.101062,0.194103,-0.237192,0.286560,-0.288933,0.341275,0.878455,-0.293936,0.608862,0.558384,-0.170549,0.000764,0.753588,-0.909406,0.206592,0.200589
0.458316,0.521653,0.758556,-0.004308,0.051470,0.647102,-0.760652,0.217549,-0.071244,-0.084787,0.237513,-0.411386,-0.011914,-0.451181,-0.211782,-0.255745,0.344394,-0.189159,0.180072,-0.077651,-0.110623,0.206501,-0.220302,0.288590,-0.274508,0.364455,0.859210,-0.280947,0.563344,0.538574,-0.178949,0.011227,0.778037,-0.944337,0.191986,0.241051
0.459312,0.547224,0.761865,-0.000665,0.058748,0.653431,-0.754703,0.180802,-0.084369,-0.070388,0.269795,-0.392708,-0.007924,-0.442211,-0.219641,-0.250988,0.488195,-0.219522,0.160719,-0.075457,-0.117124,0.215398,-0.176412,0.281947,-0.245216,0.401617,0.834409,-0.255988,0.552493,0.501889,-0.199696,0.034813,0.799966,-0.995293,0.178416,0.276103
0.460001,0.572418,0.764671,0.002508,0.063724,0.661426,-0.747294,0.140691,-0.091679,-0.048097,0.299930,-0.371803,-0.003083,-0.424215,-0.226044,-0.245884,0.635020,-0.252230,0.148330,-0.073721,-0.120821,0.219663,-0.116205,0.262327,-0.207404,0.453333,0.787251,-0.222481,0.558158,0.455704,-0.218850,0.042907,0.810355,-1.034369,0.176893,0.296183
0.460422,0.597174,0.766748,0.005513,0.066693,0.668357,-0.740824,0.101156,-0.093998,-0.028009,0.322565,-0.353999,0.001531,-0.390920,-0.233165,-0.241283,0.764143,-0.283037,0.135421,-0.071457,-0.122360,0.220190,-0.053734,0.238563,-0.172660,0.517327,0.724565,-0.207789,0.579969,0.408726,-0.229314,0.034059,0.804010,-1.057143,0.182466,0.292685
0.460540,0.621328,0.767942,0.007433,0.068906,0.675195,-0.734376,0.063978,-0.094312,-0.009083,0.338236,-0.338378,0.003747,-0.345790,-0.238307,-0.226785,0.872823,-0.310363,0.124934,-0.068460,-0.122637,0.218023,-0.000143,0.232262,-0.154131,0.591336,0.708583,-0.184238,0.624967,0.362446,-0.231622,0.013752,0.782022,-1.059235,0.186123,0.270151
0.460452,0.644870,0.768365,0.008112,0.071752,0.681954,-0.727822,0.031068,-0.095086,0.010080,0.346629,-0.321055,0.003069,-0.286020,-0.247435,-0.210584,0.956954,-0.329591,0.114155,-0.063221,-0.122431,0.214239,0.045194,0.231793,-0.157129,0.675749,0.733472,-0.150751,0.664741,0.317885,-0.229956,-0.010833,0.746855,-1.043189,0.177590,0.225161
0.460200,0.668061,0.768333,0.006606,0.074048,0.689140,-0.720805,-0.001156,-0.096228,0.031354,0.347043,-0.296907,0.002280,-0.215947,-0.262810,-0.196838,1.008216,-0.328140,0.110834,-0.053866,-0.122226,0.208975,0.081070,0.227624,-0.170447,0.770669,0.770423,-0.111435,0.670165,0.273729,-0.226529,-0.032361,0.708451,-1.015281,0.164093,0.161503
0.459562,0.691126,0.767883,0.003580,0.075790,0.697303,-0.712749,-0.034042,-0.095645,0.055991,0.343571,-0.268328,0.001695,-0.137050,-0.278647,-0.183524,1.019305,-0.324859,0.113699,-0.039878,-0.122084,0.201248,0.111116,0.215220,-0.179072,0.875219,0.792506,-0.069909,0.616459,0.229220,-0.223555,-0.038380,0.677390,-0.987371,0.148999,0.083638
0.458432,0.714246,0.767154,0.000233,0.076302,0.706090,-0.703999,-0.068478,-0.090792,0.082161,0.338981,-0.236927,0.000581,-0.053735,-0.288256,-0.167450,0.991971,-0.312960,0.107675,-0.022774,-0.121217,0.191103,0.139358,0.202361,-0.178477,0.971712,0.803649,-0.014579,0.512813,0.180515,-0.222033,-0.027405,0.659945,-0.963623,0.133291,0.024532
0.456523,0.737954,0.766030,-0.003356,0.075520,0.715140,-0.694882,-0.109183,-0.080678,0.108521,0.340291,-0.204066,-0.001530,0.028664,-0.287326,-0.142749,0.931231,-0.292280,0.107432,-0.004878,-0.118476,0.180284,0.165160,0.188601,-0.170858,1.051516,0.813861,0.050646,0.389118,0.127399,-0.218024,0.005422,0.652004,-0.951007,0.127143,-0.008277
0.453591,0.762553,0.764552,-0.007124,0.072079,0.723597,-0.686412,-0.160122,-0.063214,0.131375,0.350758,-0.170802,-0.004716,0.103363,-0.273521,-0.106169,0.846699,-0.261950,0.127523,0.011725,-0.112915,0.170003,0.190790,0.175259,-0.154526,1.102157,0.820261,0.122490,0.278426,0.073366,-0.211485,0.052043,0.643256,-0.955608,0.130829,-0.011759
0.449583,0.788130,0.762925,-0.010031,0.065802,0.731874,-0.678181,-0.219194,-0.036380,0.149279,0.370432,-0.138511,-0.008686,0.167053,-0.250007,-0.062198,0.739565,-0.252638,0.145963,0.026688,-0.103783,0.162350,0.212349,0.158173,-0.131756,1.118540,0.820796,0.174037,0.188786,0.001432,-0.210422,0.111014,0.642546,-0.953466,0.129354,0.003970
0.444715,0.814772,0.761644,-0.013085,0.058058,0.740969,-0.668896,-0.280062,-0.003576,0.164524,0.388492,-0.105205,-0.012420,0.212819,-0.223270,-0.015247,0.614049,-0.270503,0.135991,0.040702,-0.091674,0.159825,0.238036,0.145853,-0.104021,1.099250,0.819297,0.182763,0.145960,-0.070815,-0.210574,0.171690,0.636019,-0.950060,0.118336,0.026097
0.439118,0.842192,0.761212,-0.015546,0.048447,0.749795,-0.659711,-0.333488,0.034464,0.176130,0.386857,-0.063015,-0.019092,0.240203,-0.195328,0.019868,0.473830,-0.328427,0.145552,0.054124,-0.076823,0.162877,0.265622,0.137221,-0.072571,1.055978,0.813724,0.162587,0.130663,-0.137452,-0.206933,0.223160,0.620588,-0.943114,0.103337,0.030406
0.433265,0.869627,0.759616,-0.014995,0.035762,0.757390,-0.651810,-0.374409,0.076792,0.177015,0.356817,-0.010704,-0.021370,0.235894,-0.165520,0.007561,0.375309,-0.389685,0.124204,0.067465,-0.058037,0.171807,0.290916,0.133166,-0.040991,0.994539,0.805109,0.133494,0.125923,-0.192241,-0.192980,0.256546,0.602351,-0.927032,0.090140,0.005025
0.427547,0.896496,0.758322,-0.012216,0.021154,0.761541,-0.647657,-0.396740,0.114897,0.162856,0.291651,0.022962,-0.050047,0.211000,-0.126312,-0.016347,0.317878,-0.419875,0.096059,0.078490,-0.035731,0.183010,0.308546,0.133762,-0.018366,0.924825,0.803150,0.109767,0.132042,-0.230231,-0.172526,0.272803,0.590290,-0.903782,0.077977,-0.045325
0.422207,0.922393,0.760263,-0.009579,0.008944,0.763485,-0.645693,-0.403204,0.140197,0.136200,0.198563,-0.006499,-0.098565,0.175953,-0.086313,-0.017276,0.286607,-0.432955,0.078040,0.086153,-0.013049,0.191879,0.322502,0.127036,0.000800,0.856879,0.797742,0.089458,0.150319,-0.249729,-0.152644,0.276125,0.593486,-0.873628,0.073504,-0.098274
0.418042,0.946369,0.764167,-0.004463,-0.002356,0.762972,-0.646412,-0.399932,0.168302,0.145046,0.139031,-0.089704,-0.111087,0.135402,-0.047429,-0.019043,0.285289,-0.424965,0.066995,0.088846,0.009553,0.198165,0.332364,0.111479,0.022446,0.799821,0.777627,0.081778,0.171490,-0.252100,-0.134076,0.272935,0.614652,-0.842699,0.077879,-0.141772
0.414696,0.969434,0.768270,-0.002600,-0.009192,0.757966,-0.652225,-0.388608,0.192114,0.234082,0.130669,-0.105693,-0.151068,0.094120,-0.023398,-0.034711,0.290758,-0.397810,0.055010,0.083490,0.029666,0.202024,0.327269,0.086197,0.031864,0.762636,0.747263,0.079536,0.187012,-0.241486,-0.126999,0.267007,0.652043,-0.821210,0.096671,-0.162627
0.411945,0.991431,0.773061,-0.005232,-0.009842,0.751253,-0.659920,-0.369855,0.186639,0.271479,0.170843,-0.077913,-0.108316,0.054129,-0.017783,-0.051169,0.297956,-0.363898,0.044419,0.078496,0.041340,0.203677,0.307502,0.069063,0.010293,0.742756,0.734088,0.084837,0.187594,-0.217812,-0.129787,0.258573,0.698139,-0.810055,0.127218,-0.168975
0.409905,1.011648,0.777452,-0.007615,-0.006724,0.744711,-0.667310,-0.346013,0.157888,0.236082,0.241291,-0.091038,-0.107246,0.015587,-0.021861,-0.065707,0.319025,-0.333775,0.036307,0.074474,0.045691,0.204256,0.281775,0.068230,-0.033545,0.726099,0.742365,0.089555,0.195166,-0.185515,-0.133609,0.252819,0.749716,-0.807628,0.164038,-0.157952
0.408386,1.030092,0.780892,-0.008955,-0.002707,0.738539,-0.674146,-0.317054,0.121666,0.178203,0.330612,-0.132174,-0.118465,-0.017717,-0.028816,-0.079729,0.341052,-0.310587,0.030782,0.069024,0.046770,0.203179,0.255494,0.079161,-0.085396,0.705975,0.759659,0.089533,0.205439,-0.149308,-0.135947,0.252585,0.801910,-0.809598,0.197649,-0.134278
0.407267,1.046989,0.783431,-0.009704,0.001891,0.732909,-0.680255,-0.275319,0.088504,0.130486,0.414408,-0.181432,-0.130554,-0.040111,-0.037380,-0.094037,0.350005,-0.295291,0.026614,0.061275,0.046283,0.199743,0.235160,0.094519,-0.133768,0.678097,0.778147,0.084749,0.206119,-0.112046,-0.136997,0.262758,0.853001,-0.817230,0.223682,-0.110284
0.406504,1.062704,0.785101,-0.009964,0.006144,0.727279,-0.686242,-0.219872,0.070904,0.114583,0.483431,-0.235879,-0.131451,-0.055036,-0.045425,-0.108333,0.349356,-0.286626,0.021316,0.051244,0.045162,0.194035,0.219878,0.114176,-0.166120,0.645639,0.782433,0.070941,0.201531,-0.071463,-0.149809,0.287780,0.900888,-0.837110,0.237564,-0.079818
0.406012,1.077504,0.786073,-0.009695,0.009427,0.721962,-0.691800,-0.152534,0.075205,0.136765,0.532829,-0.276072,-0.109507,-0.064449,-0.051207,-0.122267,0.340224,-0.280388,0.014079,0.039530,0.044121,0.185956,0.197156,0.132009,-0.187605,0.622478,0.769374,0.052685,0.187377,-0.026638,-0.168766,0.318732,0.943499,-0.866235,0.236655,-0.042842
0.405836,1.091682,0.786374,-0.008386,0.011007,0.717501,-0.696420,-0.079408,0.092320,0.177566,0.563617,-0.298688,-0.085584,-0.071510,-0.053124,-0.135410,0.327093,-0.275141,0.007123,0.026925,0.043748,0.175730,0.171068,0.145555,-0.199717,0.609256,0.746916,0.036899,0.170233,0.012223,-0.180831,0.354701,0.977029,-0.898410,0.240279,0.000572
0.406066,1.105618,0.786163,-0.006504,0.010259,0.713337,-0.700716,-0.006287,0.099823,0.191748,0.571333,-0.307347,-0.082320,-0.079610,-0.051718,-0.148830,0.312530,-0.268745,0.002713,0.014368,0.044593,0.163630,0.145154,0.156525,-0.209141,0.600898,0.727595,0.029452,0.161161,0.047498,-0.192872,0.386915,1.002321,-0.929641,0.241049,0.038150
0.406835,1.119655,0.785724,-0.004014,0.008051,0.708923,-0.705229,0.055741,0.086877,0.159254,0.562707,-0.285390,-0.110975,-0.088910,-0.048593,-0.161889,0.297494,-0.257335,0.001777,0.001315,0.046521,0.150897,0.117817,0.162305,-0.222295,0.600439,0.716481,0.030948,0.158781,0.082684,-0.201608,0.400625,1.014026,-0.944182,0.244040,0.060040
0.408115,1.134101,0.785069,-0.002035,0.004133,0.703800,-0.710383,0.108622,0.058865,0.096559,0.535181,-0.244797,-0.143355,-0.102845,-0.045383,-0.176151,0.283189,-0.241452,0.001491,-0.012874,0.049135,0.137760,0.086212,0.169899,-0.241535,0.611930,0.713794,0.036901,0.158187,0.119233,-0.207420,0.386582,1.011244,-0.939165,0.255838,0.064702
0.409930,1.149172,0.784009,-0.001010,-0.000983,0.698259,-0.715844,0.152670,0.039011,0.045537,0.487502,-0.201911,-0.148244,-0.124815,-0.044029,-0.191003,0.275100,-0.221961,0.000282,-0.028373,0.051505,0.125572,0.052501,0.178181,-0.265065,0.631457,0.716208,0.047504,0.153921,0.156145,-0.208961,0.349373,0.995801,-0.918031,0.268851,0.056905
0.412324,1.165074,0.781825,0.000092,-0.007482,0.693485,-0.720432,0.185230,0.035464,0.017112,0.417519,-0.196756,-0.136500,-0.155423,-0.042649,-0.204652,0.275148,-0.200679,-0.000877,-0.043760,0.053654,0.115899,0.020605,0.188925,-0.290937,0.651033,0.721135,0.053495,0.147636,0.188932,-0.206711,0.295958,0.970827,-0.885656,0.275049,0.038704
0.415370,1.181119,0.780397,0.001018,-0.014774,0.690363,-0.723312,0.201783,0.037253,-0.000635,0.336999,-0.226110,-0.112387,-0.190942,-0.040842,-0.215031,0.278802,-0.178056,-0.000552,-0.056956,0.056033,0.110019,-0.007522,0.199887,-0.317296,0.667160,0.726714,0.057628,0.139189,0.214311,-0.199909,0.229746,0.939291,-0.845686,0.282943,0.008283
0.418986,1.197988,0.778440,0.001953,-0.022077,0.689380,-0.724061,0.201431,0.040825,0.000842,0.285950,-0.265809,-0.086950,-0.230832,-0.038892,-0.221211,0.285445,-0.153145,0.001958,-0.067474,0.057368,0.109189,-0.029263,0.211590,-0.339137,0.677086,0.727850,0.062087,0.130399,0.228766,-0.188993,0.166597,0.906571,-0.807893,0.282036,-0.021750
0.423042,1.215134,0.776381,0.002301,-0.027590,0.691347,-0.721992,0.192174,0.041368,0.018415,0.253627,-0.297114,-0.063206,-0.271066,-0.037692,-0.219681,0.291773,-0.125310,0.005194,-0.075049,0.055834,0.112957,-0.040301,0.221985,-0.351981,0.679572,0.720961,0.060326,0.131208,0.230329,-0.178106,0.118535,0.878547,-0.784857,0.283254,-0.050150
0.427427,1.232279,0.774175,0.002408,-0.030780,0.696983,-0.716422,0.178921,0.037168,0.039375,0.234727,-0.324120,-0.043049,-0.311740,-0.035712,-0.208581,0.300786,-0.095723,0.006070,-0.078799,0.050522,0.120140,-0.039627,0.231396,-0.355084,0.679140,0.709581,0.057609,0.143411,0.219761,-0.166020,0.086284,0.857333,-0.775301,0.283789,-0.086655
0.431918,1.248926,0.771915,0.002167,-0.031861,0.705166,-0.708323,0.163845,0.029413,0.057587,0.224421,-0.347776,-0.029252,-0.348414,-0.032744,-0.191436,0.307188,-0.069168,0.013712,-0.079192,0.041279,0.129272,-0.030259,0.238090,-0.351209,0.680944,0.695127,0.060012,0.159168,0.200621,-0.148744,0.060373,0.845013,-0.768686,0.279314,-0.136959
0.436426,1.264669,0.770076,0.001282,-0.031151,0.713729,-0.699728,0.148679,0.019175,0.077511,0.215950,-0.362682,-0.016825,-0.374424,-0.031041,-0.174042,0.300270,-0.048280,0.036842,-0.077095,0.029042,0.138663,-0.016821,0.242792,-0.346714,0.688150,0.681058,0.065043,0.174101,0.175807,-0.120130,0.025367,0.841013,-0.743105,0.261089,-0.197101
0.440751,1.279235,0.771719,0.000043,-0.029449,0.721624,-0.691659,0.136922,0.008635,0.101941,0.204022,-0.367052,-0.005531,-0.390672,-0.033006,-0.165689,0.279857,-0.042268,0.077234,-0.072208,0.016277,0.146802,-0.005097,0.245952,-0.344887,0.706976,0.670447,0.073959,0.180362,0.150034,-0.082321,-0.018735,0.840321,-0.694580,0.213373,-0.259205
0.444900,1.292905,0.774286,-0.001425,-0.027599,0.728789,-0.684180,0.128839,-0.001784,0.127677,0.184614,-0.359609,0.004123,-0.394998,-0.041246,-0.177593,0.266566,-0.050047,0.118652,-0.063702,0.005313,0.152996,-0.001499,0.246784,-0.347194,0.744661,0.667990,0.091071,0.176765,0.130875,-0.045508,-0.058320,0.830952,-0.639199,0.130150,-0.324149
0.448762,1.305761,0.776116,-0.003884,-0.026377,0.734913,-0.677637,0.114740,-0.012141,0.146673,0.172497,-0.346271,0.013178,-0.394154,-0.054455,-0.198947,0.279153,-0.067674,0.122749,-0.053079,-0.003178,0.157027,-0.007007,0.243527,-0.355685,0.799968,0.682054,0.123421,0.167778,0.117830,-0.016248,-0.080906,0.803331,-0.594809,0.041307,-0.399272
0.452153,1.317937,0.777718,-0.006477,-0.026233,0.739224,-0.672917,0.091612,-0.018870,0.158943,0.174580,-0.334779,0.020471,-0.389998,-0.067165,-0.210800,0.317372,-0.097988,0.113306,-0.044317,-0.009402,0.159306,-0.015274,0.236657,-0.364583,0.862628,0.705197,0.168705,0.152574,0.109756,0.011097,-0.088161,0.749455,-0.542692,-0.046785,-0.462225
0.455133,1.329202,0.779064,-0.008475,-0.026569,0.741668,-0.670187,0.066457,-0.022904,0.165725,0.183036,-0.326748,0.026375,-0.378444,-0.075498,-0.208828,0.371371,-0.140829,0.108905,-0.038631,-0.013450,0.160821,-0.017491,0.225884,-0.368622,0.912562,0.723540,0.213220,0.132532,0.109651,0.036074,-0.088343,0.673890,-0.457070,-0.140258,-0.483248
0.457745,1.339626,0.780072,-0.011110,-0.027111,0.742643,-0.669046,0.039127,-0.026830,0.168984,0.195335,-0.320675,0.031850,-0.361872,-0.080542,-0.193492,0.432076,-0.196207,0.107496,-0.035344,-0.015990,0.162092,-0.012809,0.215565,-0.362312,0.944180,0.727934,0.236079,0.120467,0.119229,0.048588,-0.066970,0.556013,-0.366268,-0.224566,-0.492393
0.459998,1.349106,0.780799,-0.014495,-0.027528,0.742407,-0.669226,0.012933,-0.032059,0.169082,0.206051,-0.313841,0.036998,-0.338640,-0.083231,-0.173423,0.489050,-0.250002,0.100005,-0.032944,-0.017568,0.163049,-0.003378,0.208217,-0.353314,0.958475,0.720096,0.231929,0.107634,0.142102,0.050093,-0.031901,0.385429,-0.286913,-0.315782,-0.484345
0.461948,1.357587,0.781391,-0.017855,-0.027502,0.741575,-0.670068,-0.007610,-0.038609,0.167210,0.209892,-0.304598,0.041817,-0.304247,-0.087493,-0.160242,0.532434,-0.281754,0.097447,-0.029819,-0.018622,0.162739,0.009411,0.206832,-0.354649,0.960361,0.716977,0.213050,0.090507,0.170309,0.043390,-0.007622,0.177233,-0.254821,-0.399036,-0.450743
0.463657,1.365253,0.781895,-0.021337,-0.027031,0.740227,-0.671474,-0.024934,-0.046592,0.163569,0.210086,-0.293704,0.046877,-0.261999,-0.092982,-0.154818,0.559458,-0.300061,0.087888,-0.025582,-0.019797,0.160378,0.021301,0.204331,-0.357809,0.961841,0.718657,0.183362,0.076775,0.178609,0.030684,-0.019932,-0.049337,-0.296041,-0.465239,-0.416228
0.465145,1.372087,0.782407,-0.024321,-0.027000,0.738400,-0.673384,-0.039946,-0.053515,0.158296,0.208357,-0.282454,0.050995,-0.214381,-0.090827,-0.141757,0.564173,-0.311882,0.089178,-0.020752,-0.021551,0.156251,0.044000,0.211279,-0.359250,0.945654,0.722701,0.153564,0.067235,0.143677,0.016662,-0.062014,-0.267280,-0.372282,-0.488389,-0.383289
0.466417,1.378023,0.782996,-0.026140,-0.027539,0.736743,-0.675105,-0.050884,-0.057251,0.155036,0.203961,-0.271652,0.052766,-0.161922,-0.080982,-0.123304,0.542532,-0.314588,0.090328,-0.014989,-0.023530,0.150892,0.078280,0.226820,-0.354613,0.909407,0.720007,0.132288,0.065180,0.075811,-0.002861,-0.111968,-0.445810,-0.435599,-0.490338,-0.365428
0.467522,1.383132,0.783601,-0.026967,-0.028602,0.736023,-0.675814,-0.058538,-0.058968,0.151563,0.197784,-0.261944,0.053688,-0.109343,-0.068549,-0.107794,0.496176,-0.310709,0.094324,-0.007164,-0.024996,0.144516,0.105735,0.239789,-0.341650,0.878408,0.714638,0.121030,0.067206,-0.008444,-0.030777,-0.152352,-0.570479,-0.462206,-0.485878,-0.361566
0.468403,1.387459,0.784074,-0.026893,-0.029783,0.736477,-0.675271,-0.061369,-0.058843,0.149771,0.187929,-0.252588,0.053992,-0.062058,-0.058514,-0.102008,0.436581,-0.298321,0.098235,0.003151,-0.025314,0.137318,0.123811,0.248493,-0.322847,0.853993,0.710293,0.119732,0.073718,-0.094440,-0.072020,-0.182146,-0.645503,-0.468481,-0.468061,-0.363270
0.468996,1.391224,0.783878,-0.026560,-0.031033,0.737633,-0.673966,-0.061486,-0.057462,0.150068,0.175660,-0.243411,0.054270,-0.024197,-0.051447,-0.102033,0.370188,-0.286221,0.106573,0.015785,-0.024447,0.129963,0.131732,0.250743,-0.297845,0.833813,0.707975,0.125549,0.082933,-0.169870,-0.123306,-0.211974,-0.688536,-0.487293,-0.434534,-0.361613
0.469339,1.394486,0.784365,-0.025672,-0.032747,0.739098,-0.672312,-0.060673,-0.053941,0.151994,0.163038,-0.234225,0.055859,-0.001198,-0.045037,-0.100200,0.313256,-0.273180,0.120292,0.030179,-0.023240,0.123588,0.131968,0.247525,-0.264255,0.814481,0.705111,0.137386,0.093063,-0.230092,-0.172100,-0.238026,-0.712904,-0.522577,-0.396795,-0.360259
0.469260,1.397796,0.784674,-0.025553,-0.033414,0.741382,-0.669764,-0.064482,-0.050862,0.157488,0.159754,-0.229063,0.057221,0.003498,-0.040851,-0.090936,0.289981,-0.269835,0.125511,0.044410,-0.022561,0.119076,0.130331,0.239291,-0.221385,0.791358,0.697462,0.145870,0.107855,-0.271380,-0.215424,-0.243666,-0.725629,-0.551791,-0.373973,-0.350219
0.468746,1.400765,0.784901,-0.025713,-0.033185,0.743503,-0.667414,-0.069201,-0.048338,0.164275,0.160538,-0.226215,0.057584,-0.006474,-0.037194,-0.076443,0.298620,-0.270439,0.114382,0.057566,-0.023144,0.117157,0.132196,0.226219,-0.170146,0.765746,0.681317,0.145924,0.128871,-0.286072,-0.249054,-0.235241,-0.735700,-0.557764,-0.364707,-0.319510
0.467793,1.403205,0.785023,-0.025803,-0.031792,0.745028,-0.665776,-0.071619,-0.047484,0.169335,0.160800,-0.223678,0.057477,-0.018671,-0.035062,-0.068347,0.318303,-0.273313,0.095088,0.069287,-0.025127,0.116678,0.133553,0.208186,-0.121216,0.739002,0.663812,0.147581,0.159751,-0.294301,-0.276987,-0.236826,-0.753335,-0.562692,-0.362457,-0.297083
0.466411,1.404929,0.784980,-0.025249,-0.028934,0.744546,-0.666465,-0.069203,-0.049118,0.168846,0.157981,-0.220533,0.056913,-0.021123,-0.035950,-0.074059,0.331170,-0.278520,0.078820,0.078270,-0.028082,0.115543,0.134259,0.190510,-0.087217,0.717170,0.646778,0.144039,0.187582,-0.294372,-0.306082,-0.256328,-0.782608,-0.576769,-0.366439,-0.291226
0.464769,1.405964,0.784770,-0.024602,-0.024905,0.741204,-0.670367,-0.064064,-0.054025,0.161353,0.154126,-0.217439,0.056269,-0.012844,-0.040152,-0.090181,0.331951,-0.284904,0.066741,0.084765,-0.031075,0.112773,0.128183,0.181547,-0.080801,0.706281,0.641629,0.135324,0.194728,-0.291069,-0.339806,-0.287843,-0.824119,-0.580799,-0.385488,-0.318788
0.463127,1.406352,0.784431,-0.023812,-0.020419,0.736179,-0.676060,-0.057064,-0.060729,0.149312,0.150403,-0.215469,0.055724,0.003190,-0.045109,-0.107271,0.322120,-0.291247,0.059416,0.089364,-0.033766,0.108152,0.115961,0.182679,-0.094725,0.704875,0.647842,0.127029,0.186441,-0.283936,-0.383030,-0.334217,-0.870631,-0.579353,-0.395500,-0.376484
0.461625,1.406153,0.784014,-0.022952,-0.015744,0.730479,-0.682368,-0.047988,-0.068786,0.133647,0.145694,-0.214049,0.055455,0.024882,-0.050177,-0.123833,0.303875,-0.296586,0.056165,0.092862,-0.036344,0.101040,0.109640,0.193260,-0.124237,0.710310,0.669221,0.107447,0.167525,-0.269758,-0.441378,-0.374239,-0.913083,-0.551053,-0.400071,-0.416621
0.460316,1.405556,0.783567,-0.022140,-0.011298,0.724569,-0.688754,-0.037383,-0.077201,0.116772,0.138929,-0.212154,0.055176,0.048994,-0.054879,-0.141034,0.281055,-0.300579,0.054150,0.095794,-0.039272,0.091640,0.098439,0.200764,-0.150628,0.713717,0.702649,0.092364,0.143992,-0.256387,-0.502026,-0.424924,-0.952072,-0.534587,-0.396318,-0.451281
0.459183,1.404835,0.783085,-0.022031,-0.007492,0.719682,-0.693914,-0.027471,-0.085327,0.102527,0.130448,-0.209164,0.054935,0.069225,-0.059513,-0.156712,0.261210,-0.304974,0.051089,0.097564,-0.043057,0.080604,0.090413,0.202259,-0.163525,0.716334,0.726264,0.080459,0.128515,-0.252258,-0.559581,-0.480457,-0.984334,-0.522290,-0.390058,-0.479920
0.458056,1.404091,0.782525,-0.022827,-0.004215,0.716139,-0.697572,-0.019735,-0.092845,0.092139,0.122756,-0.206002,0.054418,0.084000,-0.064491,-0.171026,0.247095,-0.310831,0.046734,0.097670,-0.047777,0.069000,0.088312,0.193845,-0.157181,0.718443,0.731000,0.075429,0.127858,-0.254868,-0.606324,-0.527629,-1.003052,-0.511714,-0.379716,-0.493146
0.456778,1.403433,0.781801,-0.023831,-0.001034,0.713543,-0.700205,-0.013813,-0.099140,0.084753,0.118216,-0.204466,0.053250,0.094062,-0.069087,-0.182042,0.239499,-0.317143,0.041817,0.096562,-0.052894,0.057537,0.090482,0.177263,-0.136962,0.724745,0.721703,0.077262,0.145092,-0.264089,-0.639621,-0.553230,-1.012143,-0.489172,-0.370198,-0.505575
0.455372,1.402958,0.780477,-0.024660,0.001852,0.711779,-0.701968,-0.009036,-0.103764,0.079858,0.115835,-0.204378,0.051710,0.099528,-0.072708,-0.189045,0.236619,-0.322771,0.037317,0.095205,-0.057909,0.046503,0.093754,0.156672,-0.112686,0.741655,0.706779,0.086327,0.163155,-0.275786,-0.661173,-0.563222,-1.013510,-0.467055,-0.368349,-0.518432
0.453713,1.402541,0.780039,-0.025701,0.004283,0.710594,-0.703120,-0.006869,-0.106891,0.076876,0.116987,-0.205771,0.049912,0.102934,-0.075380,-0.191841,0.237170,-0.327743,0.033986,0.093780,-0.062226,0.036473,0.095420,0.136270,-0.090677,0.766710,0.697765,0.102960,0.180473,-0.285577,-0.673596,-0.563164,-1.010388,-0.453262,-0.369818,-0.519354
0.451853,1.402293,0.779815,-0.026777,0.006259,0.709629,-0.704038,-0.006345,-0.108692,0.074640,0.119549,-0.207680,0.047594,0.105209,-0.076847,-0.192945,0.237916,-0.331667,0.032271,0.092262,-0.065678,0.027600,0.094825,0.118341,-0.077240,0.797662,0.698393,0.123867,0.190266,-0.296436,-0.676923,-0.559932,-1.007823,-0.448375,-0.374177,-0.520053
0.449836,1.402245,0.779678,-0.027899,0.007548,0.708525,-0.705093,-0.006767,-0.109367,0.071948,0.121252,-0.208931,0.045090,0.106825,-0.077163,-0.195599,0.237480,-0.334355,0.030066,0.090893,-0.068547,0.020303,0.092504,0.106507,-0.078944,0.831396,0.707477,0.144283,0.180708,-0.310046,-0.675036,-0.557784,-1.005371,-0.442685,-0.380535,-0.519132
0.447705,1.402488,0.779538,-0.029380,0.008360,0.707086,-0.706468,-0.008719,-0.109936,0.068406,0.122349,-0.209289,0.042565,0.107501,-0.077087,-0.199594,0.236063,-0.337711,0.026296,0.089440,-0.071030,0.014861,0.089289,0.099205,-0.089140,0.860421,0.724927,0.157124,0.160405,-0.320827,-0.668797,-0.548284,-1.003907,-0.433670,-0.388582,-0.522006
0.445484,1.403080,0.779344,-0.031210,0.008979,0.705357,-0.708107,-0.012339,-0.110824,0.064254,0.123752,-0.209183,0.039927,0.107255,-0.077115,-0.204482,0.234296,-0.342978,0.021702,0.087642,-0.073521,0.010941,0.088014,0.095942,-0.104256,0.882026,0.746167,0.157570,0.133480,-0.330234,-0.664212,-0.538144,-1.001741,-0.424936,-0.395130,-0.527270
0.443175,1.403976,0.779114,-0.033469,0.009349,0.703130,-0.710212,-0.017623,-0.112135,0.059086,0.125418,-0.208842,0.036955,0.106217,-0.077220,-0.210340,0.231677,-0.349098,0.016894,0.085729,-0.076257,0.008329,0.088830,0.095485,-0.118614,0.895435,0.767113,0.149410,0.107707,-0.336542,-0.663726,-0.530480,-0.998570,-0.418678,-0.398170,-0.527521
0.440738,1.405130,0.778868,-0.036226,0.009364,0.700609,-0.712564,-0.024790,-0.113595,0.053314,0.127666,-0.208897,0.033729,0.104368,-0.077056,-0.216368,0.227468,-0.355015,0.012104,0.083813,-0.079124,0.006950,0.091325,0.095996,-0.128367,0.900494,0.784514,0.136817,0.089735,-0.340383,-0.667329,-0.526002,-0.995410,-0.415524,-0.397703,-0.523327
0.438204,1.406502,0.778607,-0.039231,0.009039,0.698055,-0.714912,-0.033685,-0.114776,0.047605,0.131230,-0.210342,0.029847,0.101651,-0.076572,-0.222433,0.222508,-0.360348,0.007694,0.082117,-0.081922,0.006858,0.095508,0.095693,-0.129236,0.898492,0.793802,0.124632,0.085791,-0.342075,-0.674391,-0.521433,-0.991493,-0.411812,-0.397674,-0.519152
0.435585,1.408036,0.778333,-0.042512,0.008426,0.695624,-0.717098,-0.043553,-0.115742,0.042410,0.134885,-0.212592,0.025253,0.097320,-0.075872,-0.227524,0.217933,-0.365564,0.002719,0.080822,-0.084315,0.008074,0.100330,0.094585,-0.125477,0.893289,0.797136,0.116448,0.095407,-0.341403,-0.683686,-0.515901,-0.986953,-0.406372,-0.396681,-0.513386
0.432892,1.409662,0.778063,-0.045883,0.007529,0.693586,-0.718872,-0.055313,-0.116066,0.038454,0.141191,-0.216134,0.020300,0.090997,-0.074929,-0.231327,0.215095,-0.370312,-0.002197,0.080122,-0.086216,0.010523,0.104250,0.093236,-0.124696,0.888516,0.797864,0.110623,0.113627,-0.339713,-0.693322,-0.509607,-0.983109,-0.399051,-0.393491,-0.505639
0.430082,1.411239,0.777797,-0.049150,0.006475,0.692255,-0.719948,-0.069864,-0.115331,0.036346,0.153314,-0.221921,0.015275,0.083511,-0.073529,-0.233649,0.213765,-0.373799,-0.006893,0.079810,-0.087550,0.014237,0.108217,0.094423,-0.132449,0.885071,0.800308,0.105742,0.125115,-0.339631,-0.701367,-0.503536,-0.980785,-0.393303,-0.391489,-0.501664
0.427143,1.412619,0.777486,-0.051956,0.005179,0.691692,-0.720303,-0.087509,-0.112802,0.035843,0.173308,-0.231590,0.010497,0.075590,-0.070856,-0.234408,0.213677,-0.375660,-0.011800,0.079729,-0.088199,0.019550,0.113077,0.099171,-0.146648,0.880373,0.806774,0.098847,0.128725,-0.341562,-0.706381,-0.495407,-0.978100,-0.390605,-0.393196,-0.502703
0.424158,1.413704,0.777016,-0.053905,0.003536,0.691535,-0.720320,-0.109095,-0.108081,0.036594,0.203913,-0.246943,0.006821,0.067552,-0.066531,-0.234259,0.215824,-0.376835,-0.015895,0.079960,-0.087813,0.026746,0.119521,0.103629,-0.154696,0.873231,0.811132,0.090117,0.128815,-0.340983,-0.707164,-0.481138,-0.977626,-0.397074,-0.393577,-0.507736
0.421129,1.414511,0.776253,-0.054633,0.002098,0.691530,-0.720275,-0.137531,-0.101444,0.038393,0.252682,-0.266442,0.005783,0.060862,-0.060805,-0.233749,0.220421,-0.379719,-0.018771,0.080439,-0.085890,0.036415,0.130990,0.107292,-0.155574,0.861983,0.807187,0.080015,0.130436,-0.343561,-0.706163,-0.465039,-0.974782,-0.402808,-0.391219,-0.511667
0.418087,1.415088,0.775074,-0.054251,0.000590,0.691292,-0.720536,-0.176816,-0.091690,0.044240,0.325502,-0.286651,0.003790,0.053958,-0.053384,-0.233053,0.229365,-0.385515,-0.023241,0.080876,-0.082105,0.048911,0.145511,0.109349,-0.149921,0.848327,0.793624,0.068294,0.136580,-0.348373,-0.705000,-0.448126,-0.972487,-0.408129,-0.390591,-0.515040
0.415132,1.415407,0.773520,-0.053291,-0.001057,0.690728,-0.721147,-0.230456,-0.078363,0.054976,0.426729,-0.297593,-0.002895,0.044417,-0.045699,-0.232701,0.245973,-0.395540,-0.028818,0.081483,-0.076688,0.064076,0.160464,0.111266,-0.144103,0.835547,0.777134,0.055988,0.146096,-0.354388,-0.704080,-0.431339,-0.970798,-0.412886,-0.391793,-0.518013
0.412354,1.414851,0.773164,-0.051659,-0.002230,0.690343,-0.721632,-0.292424,-0.062407,0.068383,0.544842,-0.288499,-0.011381,0.038524,-0.037882,-0.232544,0.259961,-0.405113,-0.034650,0.082422,-0.070249,0.080204,0.176845,0.114373,-0.140915,0.826370,0.761508,0.048463,0.153749,-0.360812,-0.703860,-0.414243,-0.967777,-0.415915,-0.393118,-0.520004
0.409976,1.413360,0.772443,-0.050303,-0.003169,0.690256,-0.721807,-0.357833,-0.045495,0.081085,0.665534,-0.255847,-0.026285,0.040024,-0.030056,-0.232573,0.261360,-0.410004,-0.040031,0.083967,-0.063403,0.095548,0.194418,0.118177,-0.143169,0.819167,0.752090,0.045342,0.158358,-0.366830,-0.703795,-0.399033,-0.963901,-0.419733,-0.394133,-0.521843
0.408134,1.410879,0.771690,-0.049270,-0.004396,0.691122,-0.721043,-0.418322,-0.025459,0.099580,0.771839,-0.223031,-0.041540,0.044862,-0.022293,-0.230703,0.256677,-0.412173,-0.044593,0.086328,-0.056528,0.109150,0.213910,0.123085,-0.149315,0.813601,0.747508,0.044689,0.160113,-0.373359,-0.703486,-0.384483,-0.958593,-0.424875,-0.393542,-0.522437
0.406767,1.406736,0.772860,-0.049348,-0.006168,0.693905,-0.718347,-0.471624,-0.008934,0.120829,0.837689,-0.210581,-0.029647,0.049100,-0.015804,-0.224243,0.250790,-0.410521,-0.048171,0.089902,-0.050293,0.120578,0.236420,0.126156,-0.154164,0.808847,0.743112,0.045966,0.159791,-0.382997,-0.701490,-0.367482,-0.952909,-0.428701,-0.394074,-0.523731
0.405905,1.401274,0.772526,-0.050656,-0.009363,0.697364,-0.714863,-0.511691,-0.005309,0.130918,0.843742,-0.211370,-0.026807,0.049868,-0.010092,-0.215603,0.249234,-0.408900,-0.049890,0.094707,-0.045563,0.129297,0.260378,0.127985,-0.156467,0.805456,0.738741,0.048135,0.159228,-0.394185,-0.697110,-0.352302,-0.948600,-0.434606,-0.396735,-0.528583
0.405531,1.394482,0.771599,-0.053864,-0.013288,0.701196,-0.710807,-0.543220,-0.015215,0.126164,0.796219,-0.201197,-0.033242,0.048894,-0.007206,-0.206035,0.248437,-0.408668,-0.049274,0.100076,-0.042679,0.136198,0.283055,0.127952,-0.157396,0.807201,0.734859,0.052416,0.156932,-0.402458,-0.691532,-0.337939,-0.945912,-0.441175,-0.397456,-0.531804
0.405564,1.386343,0.770095,-0.057319,-0.017521,0.704670,-0.706999,-0.563448,-0.026077,0.115542,0.708832,-0.195644,-0.047760,0.049785,-0.005213,-0.197533,0.247669,-0.412532,-0.047327,0.105281,-0.040945,0.142351,0.304366,0.129565,-0.160706,0.812825,0.737063,0.059347,0.152014,-0.410193,-0.687278,-0.324178,-0.944394,-0.444204,-0.400329,-0.535228
0.405894,1.376944,0.768220,-0.061474,-0.021842,0.707873,-0.703320,-0.574479,-0.030451,0.111690,0.595845,-0.183366,-0.048396,0.054184,-0.004393,-0.189870,0.241770,-0.416651,-0.044185,0.110239,-0.039837,0.147656,0.322339,0.132205,-0.167781,0.820174,0.743798,0.065413,0.138718,-0.418283,-0.685397,-0.313357,-0.943168,-0.444214,-0.402906,-0.540094
0.406468,1.366249,0.765915,-0.066310,-0.026935,0.710941,-0.699600,-0.581230,-0.032476,0.109463,0.474207,-0.155177,-0.041259,0.061334,-0.003609,-0.182270,0.230617,-0.420586,-0.040005,0.115382,-0.039129,0.153363,0.334711,0.135042,-0.174451,0.826610,0.751714,0.069313,0.122632,-0.429646,-0.686189,-0.304990,-0.941197,-0.440374,-0.402838,-0.545245
0.407253,1.354392,0.763154,-0.071289,-0.032433,0.714051,-0.695699,-0.586845,-0.035301,0.105234,0.359088,-0.121246,-0.036457,0.070485,-0.002846,-0.174014,0.217301,-0.424996,-0.034841,0.120413,-0.038823,0.159437,0.343799,0.137820,-0.179108,0.831294,0.761103,0.072854,0.111309,-0.442669,-0.687029,-0.295415,-0.938607,-0.430154,-0.402368,-0.551399
0.408228,1.341467,0.760027,-0.076042,-0.038796,0.717041,-0.691783,-0.596173,-0.035679,0.104158,0.270311,-0.110784,-0.035251,0.078947,-0.001230,-0.165434,0.205959,-0.427759,-0.029117,0.124578,-0.039077,0.165544,0.349529,0.139948,-0.178961,0.835773,0.769316,0.074690,0.110670,-0.456451,-0.687093,-0.287965,-0.936679,-0.419440,-0.403630,-0.559828
